  -55.5556  -27.0789  -18.2523 
  -53.5354  -45.0972  -31.2132
  -47.4747   -7.4119  -43.3391
  -44.4444  -51.4296  -28.0032
  -35.3535  -29.6526  -30.3207
  -29.2929   16.2175  -16.9423
  -29.2929  -10.6554  -39.9506
  -23.2323  -98.0725  -23.5467
  -20.2020  -23.7839  -22.8298
  -20.2020   37.8399  -15.6929
  -16.1616  -75.9348  -34.1871
  -11.1111  -94.9836  -23.3682
    8.0808   37.9945  -19.2598
    8.0808  -92.2038  -16.0558
   17.1717  -30.1163  -19.6198
   17.1717  -91.8947  -23.1897
   17.1717  -79.5897  -45.1260
   23.2323   28.4186  -12.6614
   26.2626  -98.0725  -23.5467
   26.2626   12.9740  -13.5539
   32.3232   34.2873   -5.1705
   32.3232  -13.8988  -36.5621
   34.3434  -67.2855  -43.2231
   44.4444  -48.6498  -20.6908
   47.4747   -4.4775  -39.5936
   50.5051  -35.8304  -30.6777
   53.5354  -33.2568  -18.6093
   62.6263  -27.0274  -19.4413
  -52.5253  -27.8535   43.1514
  -44.4444  -37.2748   45.9193
  -39.3939  -25.3314   55.2559
  -38.3838  -34.2898   70.0197
  -38.3838  -21.9342   70.6716
  -29.2929  -49.2707   59.4345
  -23.2323  -37.5333   73.1135
  -21.2121  -37.9962   61.1176
  -17.1717  -52.9779   72.2987
  -14.1414  -23.6319   41.1975
  -14.1414  -25.3322   77.0222
   -8.0808  -58.5375   58.9455
   -8.0808  -27.9574   67.0889
   -8.0808  -40.6222   72.9506
   -1.0101  -20.9037   48.9597
    1.0101  -34.9073   61.2806
    2.0202  -24.5593   60.7383
    8.0808   -8.4965   48.5260
    8.0808  -52.9779   72.2987
    8.0808  -25.3322   77.0222
   11.1111  -40.7768   76.2074
   18.1818  -35.9369   61.2263
   20.2020  -49.7344   69.2048
   26.2626  -25.1776   73.7654
   26.2626  -46.1818   59.5974
   35.3535  -23.9410   47.7111
   39.3939  -27.4937   57.3185
   41.4141  -15.2926   61.2272
   44.4444  -36.4513   50.3160
   47.4747  -26.8754   44.2913
  -51.5152  -14.6219   25.3481
  -48.4848  -16.1668   36.1498
   34.3434  -14.2097   16.6633
   48.4848  -12.0482   36.3671
   62.6263  -13.7468   28.6592
  -49.4949    5.1482    0.2716
  -43.4343   -3.6042   10.6930
  -33.3333   -0.3091    6.5136
  -17.1717  -12.8220   74.4173
  -11.1111   -8.3419   45.2692
   -6.0606   11.5304   39.7878
   -4.0404   -4.7901   57.4280
    5.0505    0.4611   55.5285
   11.1111   -9.7331   74.5803
   17.1717  -15.6017   67.7408
   34.3434    5.9202    5.7539
   35.3535   -3.0889   -0.1785
   47.4747    3.9640    3.4741
   51.5152  -33.6707   35.2263
  -58.5859  -28.4701   12.6460
  -53.5354  -12.9740   12.3753
  -51.5152  -25.8449   22.5794
  -48.4848  -38.3036   24.0986
  -47.4747  -29.0875    3.9069
  -37.3737  -36.8618   15.4682
  -29.2929  -30.4778   11.4517
   30.3030  -30.5809   13.6229
   41.4141  -27.8526   21.3851
   53.5354  -10.0912   16.8806
   55.5556  -20.0784    9.8238
   56.5657  -23.1682   31.4271
   62.6263  -38.1490   20.8419
  -65.6566  -23.9385  -19.2628
  -65.6566  -42.9357   -9.6329
  -55.5556  -31.7127   -6.6004
  -53.5354  -14.9809  -11.5934
  -50.5051    1.2366  -28.5357
  -47.4747  -44.2745   -2.5585
  -44.4444  -63.7355   16.2269
  -44.4444   28.2640   -9.0944
  -43.4343  -68.5238   30.1224
  -41.4141   10.8125  -35.1342
  -39.3939  -78.3565   19.8088
  -38.3838  -79.2324   38.2639
  -35.3535   12.8168   56.1804
  -32.3232  -39.3831  -20.1553
  -25.2525  -41.8030  -11.9514
  -20.2020   37.9919   47.7138
  -20.2020   57.4529   29.1509
  -17.1717   58.8440   -0.1755
  -17.1717   20.8994   59.8718
  -12.1212  -42.2667   -1.2505
  -11.1111  -59.4108   12.1018
  -11.1111   31.1958   60.4150
  -11.1111   47.2586   48.2027
  -11.1111   39.5376   15.1459
   -8.0808   41.8537   31.5928
   -7.0707  -58.9479   24.0977
   -7.0707   46.1277    6.7870
   -3.0303  -52.1003   10.3109
   -3.0303  -42.3200   43.4764
   -3.0303   40.3620   -2.4355
   -3.0303   30.9390   44.0767
   -3.0303   36.0365   23.6677
    5.0505   61.6238    6.5163
    5.0505  -63.4787   32.5652
    5.0505   48.3407   25.4052
    5.0505   57.2983   32.4077
    7.0707  -52.9762   28.7661
    7.0707   38.0967    2.0100
    8.0808   43.7086   -8.2019
    8.0808   48.9590   12.3780
   10.1010  -57.4546   14.3817
   11.1111   47.2586   48.2027
   11.1111   21.6199   66.4397
   11.1111   29.6526   27.6841
   14.1414  -67.1335   22.5775
   20.2020   31.8141   47.3879
   21.2121   25.2240   55.7467
   26.2626  -39.5892  -15.3993
   28.2828  -76.6553  -41.3806
   41.4141  -76.5033   24.2598
   44.4444   13.5923  -27.8217
   44.4444  -54.9839   27.5718
   47.4747   31.1983   -5.3490
   49.4949  -64.5599   33.5965
   50.5051   -5.5595  -14.6249
   50.5051    4.3255  -28.3572
   62.6263  -14.6717  -18.7273
   62.6263  -33.6690   -9.0974
   -7.0707  -76.0920   37.3413
   -3.0303  -39.6424   30.5579
    1.0101  -29.3460   31.1012
    3.0303  -53.9552   49.3925
   10.1010  -70.9953   38.6985
  -44.4444  -76.6047  -18.7303
  -40.4040  -75.0606   -6.7214
  -38.3838  -89.1149  -15.8773
  -31.3131  -79.5390  -22.4757
  -27.2727  -82.1659   13.0779
  -25.2525  -91.6379   -5.2954
  -23.2323  -93.4404   11.3947
  -17.1717  -70.1701   -0.4790
  -16.1616  -80.8280   28.3849
  -15.1515  -54.4678   -5.5314
  -14.1414  -73.6703  -14.9848
  -14.1414  -94.0587   24.4219
   -8.0808  -82.6288    1.0820
   -3.0303  -84.3282   15.1404
    5.0505  -75.2161   18.8861
    6.0606  -83.6069   -0.0635
    8.0808  -74.5978    5.8590
   14.1414  -91.2790   31.0984
   14.1414  -80.7249   26.2137
   17.1717  -48.9590  -13.5568
   19.1919  -68.0077   -2.7379
   19.1919  -87.3133   -9.8134
   23.2323  -90.6607   18.0713
   25.2525  -80.5171  -23.7242
   26.2626  -61.3146  -14.2708
   27.2727  -80.4673   20.7857
   35.3535  -87.0565    7.3783
   35.3535  -83.4008   -4.8194
   38.3838  -75.8335   10.1470
   40.4040  -67.5440  -13.4388
   41.4141  -79.6936  -18.9088
  -51.5152  -53.4914   39.6221
  -45.4545    5.9709   26.4346
  -43.4343   -4.3779   48.7433
  -41.4141   32.7415   27.8471
  -41.4141  -59.7723   41.4673
  -41.4141   18.9955   34.7400
  -40.4040    0.3590   35.9334
  -40.4040   41.0825    4.3442
  -33.3333   49.9886   12.4323
  -28.2828  -63.0158   44.5611
  -23.2323    2.9318   68.7186
   -4.0404   19.2523   51.0783
   23.2323   40.6197   -8.3804
   29.2929    6.3298   62.3680
   31.3131  -58.7942   42.6072
   32.3232   49.7318   -4.2780
   35.3535  -69.9142   37.6673
   36.3636   37.0662   23.7220
   37.3737   11.2213   46.3013
   41.4141  -58.9488   45.8640
   41.4141   44.0684    6.6784
   44.4444    3.3448   38.2676
   45.4545   18.0174   33.6001
   46.4646  -48.6009   45.3217
   56.5657  -54.9822  -17.4808
  -38.3838   45.2518   25.2422
  -34.3434   16.3197    4.1260
  -27.2727   46.0753   29.6389
  -11.1111   20.2313   30.4520
   -2.0202    7.9778   49.3952
   -1.0101   24.1952   33.9261
    4.0404   16.5240   43.3162
    9.0909  -44.6884   49.8814
    9.0909   15.9581   33.4915
   24.2424   42.6772   35.9895
   29.2929   26.2545   34.0347
   29.2929   49.4218   24.3739
   32.3232   12.5102   -2.8530
   34.3434   17.1432    8.5227
   35.3535   27.6457    4.7236
   39.3939   -7.6214   51.8371
   45.4545   16.7825   16.1219
   52.5253  -50.2480   36.5282
  -30.3030  -14.4665    0.3250
  -21.2121    4.2216   -2.1400
  -15.1515   -0.5152   10.8560
  -10.1010  -22.0346    7.5440
   -5.0505  -30.7346   -5.3519
   -2.0202  -17.1441   13.2436
    6.0606  -26.8222   -0.3580
    8.0808   -7.6197    8.3045
   11.1111  -21.0565    8.6839
   14.1414    0.5144   10.9103
   22.2222    5.9202    5.7539
   27.2727   -3.4496    7.4362
   29.2929  -17.7100    3.4189
  -54.5455  -52.9238    5.9142
  -53.5354  -42.8335   10.7998
  -47.4747   21.5194    3.3120
  -11.1111    2.7772   71.9754
   49.4949  -36.5011    7.8690
   49.4949  -31.8158   -4.2224
   50.5051   27.4911    7.9804
   51.5152  -47.4673   21.4385
   53.5354  -50.0410   10.4196
  -50.5051  -65.0219   -0.1815
  -40.4040  -61.2631  -15.4598
  -32.3232  -51.6898   45.1587
  -32.3232   -7.8790   57.2651
  -26.2626  -74.8047   31.9676
  -17.1717  -64.8699   61.8764
    8.0808  -67.8042   58.4566
   20.2020  -70.2748   45.2665
   23.2323  -64.7153   58.6196
   26.2626  -12.0491   58.1334
   44.4444  -61.9845    1.0829
  -30.3030  -55.3420  -32.9972
  -15.1515  -65.8961  -27.6472
    1.0101  -62.9102  -25.0907
   22.2222  -58.5855  -29.6087