  -51.5152  -53.4914   39.6221
  -45.4545    5.9709   26.4346
  -43.4343   -4.3779   48.7433
  -41.4141   32.7415   27.8471
  -41.4141  -59.7723   41.4673
  -41.4141   18.9955   34.7400
  -40.4040    0.3590   35.9334
  -40.4040   41.0825    4.3442
  -33.3333   49.9886   12.4323
  -28.2828  -63.0158   44.5611
  -23.2323    2.9318   68.7186
   -4.0404   19.2523   51.0783
   23.2323   40.6197   -8.3804
   29.2929    6.3298   62.3680
   31.3131  -58.7942   42.6072
   32.3232   49.7318   -4.2780
   35.3535  -69.9142   37.6673
   36.3636   37.0662   23.7220
   37.3737   11.2213   46.3013
   41.4141  -58.9488   45.8640
   41.4141   44.0684    6.6784
   44.4444    3.3448   38.2676
   45.4545   18.0174   33.6001
   46.4646  -48.6009   45.3217
   56.5657  -54.9822  -17.4808