  -44.4444  -76.6047  -18.7303
  -40.4040  -75.0606   -6.7214
  -38.3838  -89.1149  -15.8773
  -31.3131  -79.5390  -22.4757
  -27.2727  -82.1659   13.0779
  -25.2525  -91.6379   -5.2954
  -23.2323  -93.4404   11.3947
  -17.1717  -70.1701   -0.4790
  -16.1616  -80.8280   28.3849
  -15.1515  -54.4678   -5.5314
  -14.1414  -73.6703  -14.9848
  -14.1414  -94.0587   24.4219
   -8.0808  -82.6288    1.0820
   -3.0303  -84.3282   15.1404
    5.0505  -75.2161   18.8861
    6.0606  -83.6069   -0.0635
    8.0808  -74.5978    5.8590
   14.1414  -91.2790   31.0984
   14.1414  -80.7249   26.2137
   17.1717  -48.9590  -13.5568
   19.1919  -68.0077   -2.7379
   19.1919  -87.3133   -9.8134
   23.2323  -90.6607   18.0713
   25.2525  -80.5171  -23.7242
   26.2626  -61.3146  -14.2708
   27.2727  -80.4673   20.7857
   35.3535  -87.0565    7.3783
   35.3535  -83.4008   -4.8194
   38.3838  -75.8335   10.1470
   40.4040  -67.5440  -13.4388
   41.4141  -79.6936  -18.9088