  -65.6566  -23.9385  -19.2628
  -65.6566  -42.9357   -9.6329
  -55.5556  -31.7127   -6.6004
  -53.5354  -14.9809  -11.5934
  -50.5051    1.2366  -28.5357
  -47.4747  -44.2745   -2.5585
  -44.4444  -63.7355   16.2269
  -44.4444   28.2640   -9.0944
  -43.4343  -68.5238   30.1224
  -41.4141   10.8125  -35.1342
  -39.3939  -78.3565   19.8088
  -38.3838  -79.2324   38.2639
  -35.3535   12.8168   56.1804
  -32.3232  -39.3831  -20.1553
  -25.2525  -41.8030  -11.9514
  -20.2020   37.9919   47.7138
  -20.2020   57.4529   29.1509
  -17.1717   58.8440   -0.1755
  -17.1717   20.8994   59.8718
  -12.1212  -42.2667   -1.2505
  -11.1111  -59.4108   12.1018
  -11.1111   31.1958   60.4150
  -11.1111   47.2586   48.2027
  -11.1111   39.5376   15.1459
   -8.0808   41.8537   31.5928
   -7.0707  -58.9479   24.0977
   -7.0707   46.1277    6.7870
   -3.0303  -52.1003   10.3109
   -3.0303  -42.3200   43.4764
   -3.0303   40.3620   -2.4355
   -3.0303   30.9390   44.0767
   -3.0303   36.0365   23.6677
    5.0505   61.6238    6.5163
    5.0505  -63.4787   32.5652
    5.0505   48.3407   25.4052
    5.0505   57.2983   32.4077
    7.0707  -52.9762   28.7661
    7.0707   38.0967    2.0100
    8.0808   43.7086   -8.2019
    8.0808   48.9590   12.3780
   10.1010  -57.4546   14.3817
   11.1111   47.2586   48.2027
   11.1111   21.6199   66.4397
   11.1111   29.6526   27.6841
   14.1414  -67.1335   22.5775
   20.2020   31.8141   47.3879
   21.2121   25.2240   55.7467
   26.2626  -39.5892  -15.3993
   28.2828  -76.6553  -41.3806
   41.4141  -76.5033   24.2598
   44.4444   13.5923  -27.8217
   44.4444  -54.9839   27.5718
   47.4747   31.1983   -5.3490
   49.4949  -64.5599   33.5965
   50.5051   -5.5595  -14.6249
   50.5051    4.3255  -28.3572
   62.6263  -14.6717  -18.7273
   62.6263  -33.6690   -9.0974