  -52.5253  -27.8535   43.1514
  -44.4444  -37.2748   45.9193
  -39.3939  -25.3314   55.2559
  -38.3838  -34.2898   70.0197
  -38.3838  -21.9342   70.6716
  -29.2929  -49.2707   59.4345
  -23.2323  -37.5333   73.1135
  -21.2121  -37.9962   61.1176
  -17.1717  -52.9779   72.2987
  -14.1414  -23.6319   41.1975
  -14.1414  -25.3322   77.0222
   -8.0808  -58.5375   58.9455
   -8.0808  -27.9574   67.0889
   -8.0808  -40.6222   72.9506
   -1.0101  -20.9037   48.9597
    1.0101  -34.9073   61.2806
    2.0202  -24.5593   60.7383
    8.0808   -8.4965   48.5260
    8.0808  -52.9779   72.2987
    8.0808  -25.3322   77.0222
   11.1111  -40.7768   76.2074
   18.1818  -35.9369   61.2263
   20.2020  -49.7344   69.2048
   26.2626  -25.1776   73.7654
   26.2626  -46.1818   59.5974
   35.3535  -23.9410   47.7111
   39.3939  -27.4937   57.3185
   41.4141  -15.2926   61.2272
   44.4444  -36.4513   50.3160
   47.4747  -26.8754   44.2913
  -51.5152  -14.6219   25.3481
  -48.4848  -16.1668   36.1498
   34.3434  -14.2097   16.6633
   48.4848  -12.0482   36.3671
   62.6263  -13.7468   28.6592