  -38.3838   45.2518   25.2422
  -34.3434   16.3197    4.1260
  -27.2727   46.0753   29.6389
  -11.1111   20.2313   30.4520
   -2.0202    7.9778   49.3952
   -1.0101   24.1952   33.9261
    4.0404   16.5240   43.3162
    9.0909  -44.6884   49.8814
    9.0909   15.9581   33.4915
   24.2424   42.6772   35.9895
   29.2929   26.2545   34.0347
   29.2929   49.4218   24.3739
   32.3232   12.5102   -2.8530
   34.3434   17.1432    8.5227
   35.3535   27.6457    4.7236
   39.3939   -7.6214   51.8371
   45.4545   16.7825   16.1219
   52.5253  -50.2480   36.5282